383
[51, 53, 56, 57, 56, 57, 60] 3
[59, 61, 63, 64, 66, 66] 4
[55, 55, 58, 61, 63, 64, 68] 0
[16, 17, 20, 23, 23] 3
[50, 53, 56, 63] 2
[59, 60, 63, 70, 73, 73] 2
[6, 7, 15, 18, 18] 1
[17, 24, 27, 31] 0
[20, 21, 30, 36] 1
[86, 84, 86, 87, 89, 91, 91] 1
[49, 48, 47, 49] 2
[77, 77, 76, 74] 0
[42, 44, 43, 46, 46] 1
[86, 86, 85, 88, 92] 0
[16, 14, 11, 16] 2
[36, 35, 36, 36, 38, 35] 1
[8, 8, 8, 10, 13, 13] 0
[18, 17, 18, 25] 1
[25, 24, 28, 29, 29] 1
[84, 84, 85, 90, 88] 0
[67, 68, 74, 75, 78, 78] 1
[28, 31, 33, 31] 2
[43, 44, 47, 48, 49, 52, 52] 5
[38, 37, 38, 40] 1
[18, 21, 22, 25, 23, 22] 3
[19, 16, 17, 19, 20, 20] 1
[38, 35, 38, 43] 1
[14, 14, 16, 18, 20] 0
[55, 55, 56, 53] 0
[32, 35, 35, 38, 41, 41] 1
[14, 15, 15, 16, 20] 1
[18, 18, 19, 20, 27] 0
[71, 73, 76, 80, 83, 85, 85] 2
[33, 38, 39, 38] 0
[69, 72, 79, 79] 1
[40, 42, 47, 53] 1
[51, 54, 57, 60, 60] 3
[34, 33, 34, 36] 1
[76, 77, 80, 83, 80, 80] 3
[58, 61, 58, 62] 1
[63, 65, 66, 65, 66, 72] 2
[32, 32, 34, 35, 38, 41] 0
[20, 21, 23, 23, 22] 2
[52, 52, 55, 58, 58] 0
[21, 21, 24, 25, 29] 0
[23, 24, 25, 25, 28, 33] 2
[8, 10, 14, 16, 17, 18, 17] 1
[11, 12, 15, 19, 22, 22] 2
[25, 32, 33, 35, 35] 0
[82, 89, 91, 95] 0
[19, 26, 29, 36] 0
[67, 70, 71, 71] 2
[42, 41, 44, 46, 46] 1
[60, 63, 64, 62, 64, 68] 2
[54, 57, 57, 60, 63, 65] 1
[34, 35, 35, 38, 41, 38] 1
[42, 45, 48, 49, 51, 51, 51] 4
[75, 78, 78, 80, 84] 1
[41, 43, 43, 49] 1
[31, 35, 36, 35] 0
[10, 13, 14, 18, 21, 21] 2
[12, 15, 17, 23, 25, 27, 27] 2
[90, 88, 88, 86] 1
[95, 94, 93, 92, 91, 91] 4
[32, 29, 28, 28, 26, 23, 19] 2
[62, 61, 59, 61, 59, 56, 51] 2
[47, 46, 45, 44, 46] 3
[84, 82, 79, 77, 74, 74] 4
[83, 78, 77, 76, 74, 74] 0
[83, 76, 73, 69] 0
[25, 19, 18, 15, 12, 6] 0
[55, 52, 50, 48, 39, 37, 37] 3
[90, 88, 86, 78, 72] 2
[65, 64, 62, 64] 2
[57, 56, 54, 51, 51] 3
[49, 51, 49, 46, 45, 43, 39] 1
[55, 56, 54, 55, 53, 52, 51] 1
[29, 29, 30, 29, 31] 0
[95, 97, 96, 97, 97] 1
[36, 36, 39, 37, 33] 0
[79, 79, 77, 80, 73] 0
[55, 56, 56, 54, 52, 51] 1
[27, 28, 25, 25, 22, 19, 21] 1
[61, 62, 62, 61, 61] 1
[51, 50, 48, 46, 46, 45, 41] 3
[28, 30, 30, 27, 25, 20] 1
[31, 31, 29, 28, 24, 21, 21] 0
[59, 59, 55, 53, 48] 0
[17, 17, 14, 12, 9, 4, 3] 0
[42, 43, 42, 36, 36] 1
[62, 63, 62, 56, 53, 51, 46] 1
[93, 90, 87, 86, 85, 83, 85] 5
[74, 71, 68, 67, 66, 66] 4
[16, 14, 17, 16, 15, 13, 11] 1
[18, 15, 12, 13, 12, 14] 2
[77, 75, 77, 76, 76] 1
[74, 71, 71, 68, 66, 65, 64] 1
[4, 4, 1, 2] 0
[24, 21, 21, 20, 20] 1
[69, 66, 64, 64, 63, 62, 58] 2
[64, 61, 61, 59, 57, 52] 1
[68, 64, 63, 62, 62] 0
[77, 71, 69, 68, 67, 65, 68] 0
[25, 24, 19, 17, 16, 15, 15] 1
[82, 76, 74, 72, 65] 0
[51, 50, 47, 44, 42, 40, 42] 5
[52, 51, 48, 46, 43, 41, 41] 5
[23, 21, 23, 22] 1
[6, 4, 6, 7] 1
[62, 65, 62, 59, 57, 57] 1
[72, 69, 71, 69, 65] 1
[41, 42, 41, 39, 32] 1
[24, 24, 21, 20, 18] 0
[23, 22, 21, 21, 20, 17, 18] 2
[37, 35, 32, 32, 31, 31] 2
[85, 82, 79, 79, 76, 75, 71] 2
[15, 12, 9, 7, 7, 2] 3
[47, 43, 42, 41, 40, 37, 37] 0
[95, 88, 87, 87] 0
[53, 52, 49, 49] 2
[60, 58, 56, 57, 56, 54] 2
[51, 48, 46, 43, 46, 45, 46] 3
[60, 58, 56, 57, 55, 55] 2
[24, 23, 24, 18] 1
[28, 26, 24, 21, 19, 19, 17] 4
[46, 45, 45, 46] 1
[8, 5, 3, 2, 2, 2] 3
[51, 50, 48, 48, 47, 43] 2
[51, 49, 48, 48, 42] 2
[51, 49, 45, 42, 40, 40] 1
[27, 24, 18, 17, 16, 14, 17] 1
[58, 51, 49, 48, 45, 45] 0
[47, 48, 50, 52, 52] 3
[15, 17, 18, 20, 18] 3
[22, 24, 27, 28, 29, 29] 4
[24, 25, 28, 28] 2
[16, 17, 24, 27, 24] 1
[5, 7, 8, 10, 16, 16] 3
[10, 11, 18, 24] 1
[30, 33, 34, 41, 42, 43, 43] 2
[28, 30, 36, 39, 42, 48] 1
[61, 61, 62, 65, 67, 69] 0
[73, 72, 73, 71] 1
[90, 89, 91, 93, 93] 1
[70, 69, 66, 69] 2
[66, 67, 65, 68, 69, 70, 68] 1
[8, 7, 6, 9, 11, 11] 2
[93, 92, 92, 93, 99] 1
[14, 12, 14, 16] 1
[16, 13, 14, 16, 15] 1
[23, 22, 24, 27, 28, 29, 29] 1
[34, 33, 34, 37, 41] 1
[11, 11, 11, 12, 13, 15, 20] 0
[35, 37, 38, 42, 42] 2
[56, 61, 64, 61] 0
[63, 62, 63, 68, 70, 71, 71] 1
[83, 82, 83, 88, 92] 1
[71, 75, 77, 84] 0
[38, 39, 40, 41, 43, 40] 4
[6, 8, 10, 11, 13, 13] 4
[23, 24, 27, 28, 29, 26, 27] 4
[82, 83, 86, 83, 84, 82] 2
[48, 51, 54, 55, 52, 52] 3
[38, 40, 40, 43] 1
[35, 38, 40, 40, 38] 2
[26, 27, 27, 27] 1
[1, 1, 3, 7] 0
[1, 4, 4, 7, 10, 11, 18] 1
[37, 40, 41, 42, 46, 49, 46] 3
[9, 10, 14, 15, 18, 18] 1
[4, 10, 13, 15, 16, 15] 0
[44, 45, 52, 53, 53] 1
[13, 14, 16, 22, 29] 2
[90, 92, 94, 95, 92] 3
[32, 35, 37, 39, 42, 44, 44] 5
[76, 79, 81, 82, 79, 81, 83] 3
[53, 56, 58, 60, 63, 60, 57] 4
[70, 72, 69, 69] 1
[12, 13, 13, 14, 16, 19] 1
[89, 92, 92, 91] 1
[78, 79, 81, 82, 84, 84, 84] 4
[61, 61, 64, 66, 70] 0
[40, 40, 42, 44, 51] 0
[30, 31, 35, 36, 35] 1
[54, 58, 61, 64, 64] 0
[54, 59, 61, 64, 67, 67] 0
[72, 73, 80, 82, 84, 91] 1
[24, 25, 27, 27] 2
[22, 19, 22, 19] 1
[79, 78, 80, 80] 1
[27, 28, 27, 32] 1
[51, 54, 54, 56, 57, 60] 1
[49, 52, 55, 55, 56, 58, 55] 2
[70, 71, 71, 74, 75, 77, 77] 1
[22, 25, 27, 30, 30, 34] 3
[24, 27, 27, 29, 30, 32, 39] 1
[19, 22, 25, 29, 31, 31] 2
[23, 24, 27, 29, 36, 38, 38] 3
[23, 21, 18, 15, 12, 12] 4
[10, 9, 7, 4, 5, 4, 3] 3
[92, 90, 88, 86, 86, 83, 83] 3
[33, 32, 33, 32, 27] 1
[21, 20, 17, 15, 14, 12, 14] 5
[51, 48, 46, 43, 40, 39, 39] 5
[44, 41, 40, 34, 34] 2
[74, 65, 64, 62, 62] 0
[70, 67, 64, 56, 54, 50] 2
[89, 82, 80, 77, 74, 73, 66] 0
[20, 20, 19, 17, 19] 0
[78, 78, 75, 74, 72, 72] 0
[98, 98, 97, 95, 93, 86] 0
[16, 17, 18, 16] 2
[21, 21, 24, 25] 0
[28, 26, 25, 24, 26, 26] 3
[27, 26, 23, 25, 23, 17] 2
[17, 17, 17, 16, 15] 0
[85, 83, 82, 82, 79, 82] 2
[88, 91, 88, 88] 1
[43, 43, 43, 40, 34] 0
[18, 18, 15, 13, 9, 8, 10] 0
[95, 93, 90, 90] 2
[29, 29, 23, 21] 0
[87, 85, 83, 81, 76, 76] 3
[65, 64, 63, 60, 59, 60] 4
[49, 48, 47, 46, 45, 45] 4
[81, 82, 79, 82] 1
[36, 39, 37, 37] 1
[49, 47, 45, 43, 42, 45, 41] 4
[54, 52, 52, 51] 1
[89, 89, 87, 84, 83, 86] 0
[33, 31, 31, 28, 25, 25] 1
[58, 57, 54, 54, 52, 51, 47] 2
[89, 86, 86, 85, 78] 1
[78, 74, 71, 70, 69, 69] 0
[88, 87, 82, 80, 77, 75, 75] 1
[46, 43, 38, 31] 1
[90, 89, 87, 87] 2
[64, 65, 64, 61, 59] 1
[62, 59, 61, 59, 59] 1
[31, 32, 31, 29, 25] 1
[64, 62, 60, 60, 58, 57, 55] 2
[22, 21, 18, 18, 17, 18] 2
[40, 39, 39, 39] 1
[49, 46, 44, 44, 40] 2
[59, 58, 56, 56, 54, 48] 2
[18, 17, 13, 13] 1
[86, 81, 78, 75, 73, 73] 0
[79, 72, 70, 64] 0
[68, 66, 65, 62, 60, 58, 58] 5
[36, 35, 34, 32, 30, 33, 32] 4
[23, 21, 19, 22, 22] 2
[9, 9, 7, 5] 0
[21, 18, 17, 16, 16, 19] 3
[89, 86, 83, 83, 80, 80] 2
[31, 31, 28, 24] 0
[47, 45, 42, 40, 40, 35] 3
[78, 75, 71, 71] 1
[25, 18, 15, 12] 0
[42, 35, 32, 31, 30, 32] 0
[31, 28, 26, 20, 20] 2
[77, 82, 84, 87, 89, 91, 89] 0
[64, 63, 59, 57, 54, 51, 51] 1
[87, 88, 90, 93, 95, 95] 4
[79, 76, 75, 76, 74, 77] 2
[64, 67, 73, 79] 1
[57, 54, 53, 53, 52, 51, 44] 2
[80, 76, 74, 73, 70, 70] 0
[30, 31, 29, 26, 23, 26] 1
[38, 41, 41, 44, 41] 1
[32, 30, 28, 21, 21] 2
[89, 86, 84, 81, 84, 83, 78] 3
[92, 91, 91, 88] 1
[39, 37, 37, 31] 1
[38, 37, 39, 37, 33] 1
[77, 83, 85, 88, 95] 0
[60, 61, 64, 60] 2
[64, 67, 64, 61, 60] 1
[45, 48, 51, 54, 57, 59, 57] 5
[58, 56, 56, 52] 1
[23, 23, 25, 26, 27, 27] 0
[60, 59, 57, 56, 56, 54, 57] 3
[49, 49, 46, 44, 39] 0
[65, 70, 73, 73] 0
[39, 36, 32, 29, 23] 1
[58, 58, 59, 61, 58, 59, 64] 0
[47, 45, 45, 45] 1
[42, 41, 38, 39, 36, 33, 33] 2
[14, 15, 14, 11, 9] 1
[95, 95, 96, 95] 0
[62, 65, 70, 73, 75, 75] 1
[60, 60, 57, 55, 56, 51] 0
[70, 71, 74, 73, 72, 72] 2
[69, 67, 65, 63, 57, 54, 54] 3
[14, 13, 11, 12, 13] 2
[30, 32, 30, 28] 1
[32, 34, 33, 33] 1
[25, 18, 16, 14, 13, 12, 12] 0
[40, 40, 39, 38, 32, 26] 0
[55, 57, 57, 63] 1
[49, 49, 52, 56, 63] 0
[40, 43, 52, 55, 56] 1
[14, 11, 8, 8, 6] 2
[48, 49, 51, 50, 52, 49] 2
[45, 44, 46, 48, 48] 1
[73, 73, 74, 74] 0
[95, 95, 94, 93, 89, 88, 88] 0
[13, 13, 17, 18, 20, 21, 21] 0
[52, 49, 46, 37, 36, 29] 2
[31, 32, 35, 43, 46, 48, 48] 2
[82, 85, 88, 88, 92] 2
[61, 61, 59, 56, 53, 53] 0
[83, 80, 79, 78, 76, 78, 73] 4
[84, 81, 79, 76, 74, 74, 72] 4
[29, 29, 28, 26, 24, 18, 16] 0
[62, 60, 60, 58, 56, 52] 1
[66, 69, 71, 74, 74] 3
[44, 49, 52, 54, 57, 57] 0
[3, 1, 1, 4] 1
[49, 56, 58, 61, 61] 0
[47, 45, 48, 47, 43] 1
[67, 66, 65, 66, 64, 63, 64] 2
[90, 89, 86, 84, 84] 3
[64, 65, 64, 62, 60, 59, 54] 1
[37, 38, 37, 38, 41] 1
[12, 13, 17, 20, 22, 23, 23] 1
411
